0.627       50         1
0.351       31         0
0.672       32         1
0.167       21         0
2.288       33         1
0.201       30         0
0.248       26         1
0.134       29         0
0.158       53         1
0.232       54         1
0.191       30         0
0.537       34         1
1.441       57         0
0.398       59         1
0.587       51         1
0.484       32         1
0.551       31         1
0.254       31         1
0.183       33         0
0.529       32         1
0.704       27         0
0.388       50         0
0.451       41         1
0.263       29         1
0.254       51         1
0.205       41         1
0.257       43         1
0.487       22         0
0.245       57         0
