1   0      0.0002
2   10     0.0012
3   20     0.0060
4   23     0.0090
5   30     0.0300
6   35     0.0400
7   40     0.0400
8   42     0.0600
9   45     0.0500
10  49     0.0510
11  50     0.0700
12  55     0.0700
13  58     0.1200
14  60     0.0800
15  63     0.1000
16  66     0.1100
17  68     0.1000
18  70     0.1200
19  72     0.1460
20  74     0.1400
21  77     0.1470
22  79     0.1300
23  80     0.1600
24  83     0.1700
25  84     0.2200
26  85     0.2000
27  87     0.2100
28  88     0.2010
29  89     0.2190
30  90     0.2300
31  93     0.2360
32  95     0.2500
33  99     0.2510
34  100    0.2700
