-7.609293811334917 2.757350307161618 1
3.634038257043118 14.215834756980865 1
-5.191746876631818 4.794905134719064 1
9.056466416958227 20.89387291134578 1
-5.674886856985648 4.06850020569974 1
-7.412163011788763 2.040290062355872 1
-5.437522194913131 5.873366744168288 1
5.268552651922754 14.626563039736551 1
-0.9144714432731327 8.853174840513711 1
4.800803793218204 16.56934921242772 1
-4.8848181913029265 4.976425895523652 1
1.3673385039428432 10.404181024201405 1
0.4535171875310091 8.848399270206821 1
9.488215089090556 20.509330776408984 1
-6.786273881581857 2.203258444507078 1
-8.94829021637885 0.9631174111646914 1
-8.896223728582699 0.4445654168242469 1
-0.24459310585761607 9.527781049072129 1
-5.169562669961804 6.367759979934328 1
9.456696217028007 19.616738464977328 1
-6.735807418424686 12.925468675219518 -1
7.573009500222913 28.359761293776177 -1
9.765453905888986 29.816895339007075 -1
-8.127099589780368 11.063036796733938 -1
-5.577306800134892 14.133446660743399 -1
1.7409301686303653 23.282335179913773 -1
8.276378892557826 27.73254308204849 -1
-1.4041002656961066 18.41936918910657 -1
7.054949347896233 26.309404118090892 -1
-5.037948865890298 15.532280213196367 -1
5.9827876786470675 25.168179875339376 -1
-6.303995121064969 11.755175823299137 -1
4.695616256767446 24.0674751175545 -1
5.7583446641596545 26.223326524706817 -1
-8.287207639346544 12.57734135918184 -1
1.6284581281435173 22.001572361690556 -1
0.988746941665573 21.108757597915695 -1
4.647281318057619 25.21924375417958 -1
-6.2226152784368445 12.87341228150541 -1
8.242042235112276 26.82751524587767 -1
